# time    number of walkers 
0    10000 
1    9512 
2    9288 
3    9046 
4    8858 
5    8677 
6    8524 
7    8378 
8    8244 
9    8121 
10    7998 
11    7874 
12    7760 
13    7670 
14    7555 
15    7454 
16    7357 
17    7240 
18    7125 
19    7014 
20    6918 
21    6827 
22    6727 
23    6651 
24    6571 
25    6487 
26    6404 
27    6330 
28    6241 
29    6168 
30    6094 
31    6011 
32    5921 
33    5855 
34    5760 
35    5690 
36    5612 
37    5558 
38    5475 
39    5405 
40    5348 
41    5292 
42    5225 
43    5168 
44    5116 
45    5053 
46    4983 
47    4915 
48    4845 
49    4790 
50    4720 
51    4665 
52    4618 
53    4564 
54    4513 
55    4461 
56    4406 
57    4345 
58    4298 
59    4254 
60    4202 
61    4171 
62    4112 
63    4076 
64    4028 
65    3992 
66    3950 
67    3911 
68    3865 
69    3816 
70    3764 
71    3717 
72    3674 
73    3637 
74    3599 
75    3566 
76    3514 
77    3463 
78    3417 
79    3375 
80    3338 
81    3298 
82    3257 
83    3214 
84    3176 
85    3146 
86    3104 
87    3074 
88    3034 
89    2993 
90    2948 
91    2908 
92    2873 
93    2847 
94    2818 
95    2787 
96    2750 
97    2723 
98    2703 
99    2670 
100    2646 
101    2617 
102    2575 
103    2554 
104    2528 
105    2494 
106    2471 
107    2444 
108    2411 
109    2370 
110    2341 
111    2315 
112    2286 
113    2260 
114    2235 
115    2206 
116    2175 
117    2148 
118    2114 
119    2092 
120    2057 
121    2028 
122    1996 
123    1973 
124    1945 
125    1919 
126    1895 
127    1872 
128    1849 
129    1828 
130    1799 
131    1783 
132    1761 
133    1746 
134    1733 
135    1712 
136    1689 
137    1668 
138    1649 
139    1624 
140    1608 
141    1588 
142    1569 
143    1554 
144    1536 
145    1516 
146    1499 
147    1481 
148    1456 
149    1442 
150    1421 
151    1404 
152    1379 
153    1366 
154    1340 
155    1326 
156    1312 
157    1295 
158    1284 
159    1267 
160    1253 
161    1245 
162    1229 
163    1210 
164    1200 
165    1184 
166    1165 
167    1153 
168    1133 
169    1120 
170    1108 
171    1102 
172    1091 
173    1077 
174    1057 
175    1036 
176    1024 
177    1006 
178    991 
179    978 
180    962 
181    949 
182    944 
183    928 
184    916 
185    905 
186    892 
187    881 
188    869 
189    856 
190    844 
191    832 
192    824 
193    817 
194    805 
195    793 
196    779 
197    771 
198    764 
199    755 
200    751 
201    744 
202    735 
203    723 
204    715 
205    704 
206    697 
207    693 
208    686 
209    678 
210    671 
211    669 
212    658 
213    649 
214    640 
215    633 
216    629 
217    617 
218    613 
219    602 
220    593 
221    585 
222    582 
223    576 
224    570 
225    557 
226    555 
227    549 
228    541 
229    526 
230    517 
231    508 
232    500 
233    494 
234    488 
235    484 
236    481 
237    477 
238    470 
239    463 
240    460 
241    455 
242    449 
243    444 
244    440 
245    436 
246    427 
247    425 
248    421 
249    417 
250    411 
251    407 
252    405 
253    402 
254    391 
255    383 
256    377 
257    371 
258    367 
259    361 
260    358 
261    355 
262    352 
263    350 
264    340 
265    338 
266    334 
267    329 
268    326 
269    323 
270    320 
271    320 
272    316 
273    313 
274    310 
275    307 
276    304 
277    296 
278    292 
279    291 
280    287 
281    284 
282    279 
283    275 
284    274 
285    272 
286    269 
287    267 
288    264 
289    261 
290    258 
291    254 
292    252 
293    251 
294    251 
295    250 
296    244 
297    242 
298    237 
299    232 
300    230 
301    227 
302    225 
303    223 
304    221 
305    219 
306    219 
307    214 
308    212 
309    209 
310    204 
311    203 
312    201 
313    198 
314    195 
315    191 
316    186 
317    180 
318    175 
319    173 
320    173 
321    172 
322    171 
323    170 
324    167 
325    165 
326    165 
327    163 
328    160 
329    157 
330    156 
331    155 
332    155 
333    154 
334    154 
335    153 
336    152 
337    150 
338    147 
339    144 
340    140 
341    138 
342    138 
343    136 
344    135 
345    135 
346    135 
347    133 
348    132 
349    130 
350    128 
351    126 
352    125 
353    125 
354    122 
355    121 
356    116 
357    114 
358    112 
359    112 
360    111 
361    110 
362    110 
363    109 
364    107 
365    107 
366    106 
367    104 
368    103 
369    102 
370    99 
371    99 
372    98 
373    98 
374    98 
375    97 
376    95 
377    92 
378    89 
379    88 
380    87 
381    87 
382    87 
383    86 
384    85 
385    85 
386    85 
387    85 
388    85 
389    85 
390    85 
391    84 
392    81 
393    81 
394    79 
395    77 
396    76 
397    76 
398    76 
399    76 
400    75 
401    74 
402    72 
403    72 
404    72 
405    72 
406    71 
407    69 
408    68 
409    68 
410    68 
411    67 
412    66 
413    66 
414    65 
415    65 
416    62 
417    62 
418    62 
419    59 
420    58 
421    58 
422    58 
423    56 
424    55 
425    55 
426    55 
427    55 
428    55 
429    55 
430    54 
431    53 
432    52 
433    51 
434    50 
435    49 
436    49 
437    48 
438    48 
439    48 
440    47 
441    47 
442    45 
443    45 
444    45 
445    45 
446    45 
447    45 
448    45 
449    45 
450    44 
451    44 
452    44 
453    44 
454    44 
455    42 
456    40 
457    38 
458    38 
459    37 
460    37 
461    35 
462    34 
463    33 
464    33 
465    33 
466    33 
467    33 
468    32 
469    31 
470    31 
471    31 
472    29 
473    28 
474    28 
475    27 
476    27 
477    27 
478    26 
479    26 
480    26 
481    26 
482    26 
483    26 
484    26 
485    26 
486    26 
487    24 
488    24 
489    23 
490    23 
491    23 
492    23 
493    23 
494    23 
495    22 
496    21 
497    21 
498    21 
499    21 
500    21 
501    21 
502    21 
503    21 
504    21 
505    20 
506    20 
507    20 
508    20 
509    20 
510    20 
511    18 
512    17 
513    17 
514    16 
515    16 
516    15 
517    15 
518    12 
519    12 
520    11 
521    10 
522    10 
523    10 
524    10 
525    10 
526    10 
527    10 
528    10 
529    9 
530    9 
531    9 
532    9 
533    8 
534    8 
535    8 
536    8 
537    8 
538    8 
539    8 
540    8 
541    8 
542    8 
543    7 
544    6 
545    6 
546    6 
547    6 
548    6 
549    6 
550    6 
551    6 
552    6 
553    6 
554    6 
555    6 
556    6 
557    6 
558    6 
559    6 
560    6 
561    6 
562    6 
563    6 
564    6 
565    6 
566    6 
567    6 
568    6 
569    5 
570    5 
571    5 
572    5 
573    5 
574    5 
575    5 
576    5 
577    4 
578    4 
579    4 
580    4 
581    4 
582    4 
583    4 
584    4 
585    4 
586    4 
587    4 
588    4 
589    4 
590    4 
591    4 
592    4 
593    4 
594    4 
595    4 
596    4 
597    4 
598    4 
599    4 
600    4 
601    4 
602    4 
603    4 
604    4 
605    4 
606    4 
607    4 
608    4 
609    4 
610    4 
611    4 
612    4 
613    4 
614    4 
615    4 
616    4 
617    4 
618    4 
619    4 
620    3 
621    3 
622    3 
623    2 
624    2 
625    2 
626    2 
627    2 
628    2 
629    2 
630    2 
631    2 
632    2 
633    2 
634    2 
635    2 
636    2 
637    2 
638    2 
639    2 
640    2 
641    2 
642    2 
643    2 
644    2 
645    2 
646    2 
647    2 
648    2 
649    2 
650    2 
651    2 
652    2 
653    2 
654    2 
655    2 
656    2 
657    2 
658    2 
659    2 
660    2 
661    2 
662    2 
663    2 
664    2 
665    2 
666    2 
667    2 
668    2 
669    2 
670    2 
671    2 
672    2 
673    2 
674    2 
675    2 
676    2 
677    2 
678    1 
679    1 
680    0 
681    0 
682    0 
683    0 
684    0 
685    0 
686    0 
687    0 
688    0 
689    0 
690    0 
691    0 
692    0 
693    0 
694    0 
695    0 
696    0 
697    0 
698    0 
699    0 
700    0 
701    0 
702    0 
703    0 
704    0 
705    0 
706    0 
707    0 
708    0 
709    0 
710    0 
711    0 
712    0 
713    0 
714    0 
715    0 
716    0 
717    0 
718    0 
719    0 
720    0 
721    0 
722    0 
723    0 
724    0 
725    0 
726    0 
727    0 
728    0 
729    0 
730    0 
731    0 
732    0 
733    0 
734    0 
735    0 
736    0 
737    0 
738    0 
739    0 
740    0 
741    0 
742    0 
743    0 
744    0 
745    0 
746    0 
747    0 
748    0 
749    0 
750    0 
751    0 
752    0 
753    0 
754    0 
755    0 
756    0 
757    0 
758    0 
759    0 
760    0 
761    0 
762    0 
763    0 
764    0 
765    0 
766    0 
767    0 
768    0 
769    0 
770    0 
771    0 
772    0 
773    0 
774    0 
775    0 
776    0 
777    0 
778    0 
779    0 
780    0 
781    0 
782    0 
783    0 
784    0 
785    0 
786    0 
787    0 
788    0 
789    0 
790    0 
791    0 
792    0 
793    0 
794    0 
795    0 
796    0 
797    0 
798    0 
799    0 
800    0 
801    0 
802    0 
803    0 
804    0 
805    0 
806    0 
807    0 
808    0 
809    0 
810    0 
811    0 
812    0 
813    0 
814    0 
815    0 
816    0 
817    0 
818    0 
819    0 
820    0 
821    0 
822    0 
823    0 
824    0 
825    0 
826    0 
827    0 
828    0 
829    0 
830    0 
831    0 
832    0 
833    0 
834    0 
835    0 
836    0 
837    0 
838    0 
839    0 
840    0 
841    0 
842    0 
843    0 
844    0 
845    0 
846    0 
847    0 
848    0 
849    0 
850    0 
851    0 
852    0 
853    0 
854    0 
855    0 
856    0 
857    0 
858    0 
859    0 
860    0 
861    0 
862    0 
863    0 
864    0 
865    0 
866    0 
867    0 
868    0 
869    0 
870    0 
871    0 
872    0 
873    0 
874    0 
875    0 
876    0 
877    0 
878    0 
879    0 
880    0 
881    0 
882    0 
883    0 
884    0 
885    0 
886    0 
887    0 
888    0 
889    0 
890    0 
891    0 
892    0 
893    0 
894    0 
895    0 
896    0 
897    0 
898    0 
899    0 
900    0 
901    0 
902    0 
903    0 
904    0 
905    0 
906    0 
907    0 
908    0 
909    0 
910    0 
911    0 
912    0 
913    0 
914    0 
915    0 
916    0 
917    0 
918    0 
919    0 
920    0 
921    0 
922    0 
923    0 
924    0 
925    0 
926    0 
927    0 
928    0 
929    0 
930    0 
931    0 
932    0 
933    0 
934    0 
935    0 
936    0 
937    0 
938    0 
939    0 
940    0 
941    0 
942    0 
943    0 
944    0 
945    0 
946    0 
947    0 
948    0 
949    0 
950    0 
951    0 
952    0 
953    0 
954    0 
955    0 
956    0 
957    0 
958    0 
959    0 
960    0 
961    0 
962    0 
963    0 
964    0 
965    0 
966    0 
967    0 
968    0 
969    0 
970    0 
971    0 
972    0 
973    0 
974    0 
975    0 
976    0 
977    0 
978    0 
979    0 
980    0 
981    0 
982    0 
983    0 
984    0 
985    0 
986    0 
987    0 
988    0 
989    0 
990    0 
991    0 
992    0 
993    0 
994    0 
995    0 
996    0 
997    0 
998    0 
999    0 
1000    0 
